50
99036376 731771330
235180478 553737368
155386946 684321018
437003089 12774079
239618981 195780952
544291365 447998119
465854703 373973458
655844941 426804991
142628452 631619508
209697120 270046952
679152582 520905202
193054247 730294860
254304931 189778175
856183029 567464635
962232115 298431230
94959777 228415371
498730065 273845662
80859875 620395286
420870505 266740153
937110548 484421591
336747694 614898788
219381360 827153101
820918191 222137576
606102708 27758348
418008923 367281198
594134408 5536776
121142061 328786279
903214688 302912208
900100596 705943383
94068682 985266351
896783179 10936428
485173116 272210431
114930994 345220603
256789383 450837142
97755737 122833143
667073982 868145413
186243346 519427782
737541017 198148754
434443170 917745643
891367992 143049280
331487072 137625431
56498022 300306850
979864046 700155288
562625673 261336730
856208118 863876234
774984133 800421998
538742352 76684758
511251076 721663124
561231231 267620224
511953102 16335735
