80
624774662 562117862
462601485 230194414
132650907 890134622
225371162 971696875
255185767 686168284
420432959 875864459
177133195 451464199
220860095 245918758
70646944 515836679
310565907 660935830
519360177 82868475
210734394 285554223
524821384 86077249
410042488 989010592
923001187 733069403
738263550 423905605
200833139 264841677
688831323 138037130
822949408 514437388
860347967 516193571
697977983 179843512
256836348 748494617
623198021 85159587
309744081 978865607
527621463 447348568
399050206 951236920
13611351 630073711
930902177 844531374
648019463 114211819
511173202 664719742
780916847 83509125
500636482 403582135
456706873 54492845
94415696 93637759
491445739 385735352
432837633 546716944
245749220 290017691
352606373 693442508
251883904 994657748
725987230 135478546
628841806 820278201
797559080 399607284
979587338 712943055
5033227 504440356
322839656 144411338
692642462 636146198
417577611 394335244
871305237 789306531
71397325 568157095
273352501 206408214
195511793 888228173
486630363 6855275
501620488 923371776
869199254 919546541
202181747 467756220
867947870 636302855
160472315 643628118
202931776 228236175
668284201 812671612
87952181 559140755
775000063 152402488
311393078 957842172
62845450 669069976
741764061 319013446
32057117 227170281
532617248 912299295
780276157 733056888
43413386 208942616
294946424 213375418
788837071 977233464
73553825 482899514
410030994 535253174
832189230 396715435
205016389 34090237
919137458 141385876
821114977 719033418
665444353 880593233
728436326 580974091
914841593 923445970
89020960 517431292
