27
188612741 524524069
913005385 690452189
434871319 625697446
300500892 410394086
378369728 942968887
985057160 959234456
490144608 356368859
121498585 370062844
867948715 225208290
222510727 502852349
722069873 600513080
673699401 166337692
161276545 927741076
199640145 271971076
250390839 178591
381679630 591689782
426970960 321380589
688951972 997637648
147987465 971381821
246245873 696234704
475642591 306082774
79505527 647411211
669065195 922934863
137400723 773183290
223544180 90321346
401053390 762862417
731058347 49878334
