4209
193191556 49554991
229930047 186424334
298316671 954976007
154297557 223640510
787002249 871768684
844823144 619717452
95109884 570337326
483689514 463502752
180469337 960721718
236956013 153280620
710653291 38398880
855959969 984550547
933875203 604272949
664851476 12026073
328987750 428352690
617100505 494655477
117576402 411638126
424044212 317273410
785538600 244163042
730427595 149050049
770780907 961063316
202182404 296474318
655927434 100086217
400262991 436515534
337154767 36509015
151972866 507534859
360113913 120082099
20784536 741907568
388496249 117804312
150384393 880500554
700952602 240048121
58814337 804351600
514388308 856871643
483590853 527618132
434206335 610331575
645540061 308466029
202118282 339506774
487017629 19974912
57495282 479830345
123337855 772471716
296730999 725470309
862135488 562766687
155024092 801958878
224206184 270196554
637592804 99357131
617308228 788146100
822109948 219403260
296573258 950468497
297045486 211204646
941629990 498645549
495134224 390753547
678268481 128356400
909171402 946102683
69958137 894744424
148048824 629559742
57487467 369022445
899838535 304456957
634220126 534747732
630868950 555491426
955856812 252625771
33960643 74229122
175533946 106535911
903023318 365044212
300140680 68775806
212701018 968957307
398345360 682107078
899339121 418888136
887981724 706320967
614481608 622123084
644267762 317310380
11250493 874265145
450884406 884845211
496039699 998620302
193135392 756680103
251276531 779439096
391785069 799768013
918592000 939390201
288697177 467428088
742087849 115159310
375826478 18920358
381290548 616695202
529258964 199132318
280544294 109892874
633909449 507174940
644262455 544065250
798341042 82149772
748466699 323339293
823266854 533660124
717640488 38352886
147894549 567895383
434479766 571059511
851196740 815194742
872394301 76891898
995790756 924981310
667195328 147784913
952895226 787988596
221642537 733672350
842940773 50021007
903311325 524860569
95565533 414215779
388624755 131562985
505047101 76534020
802594846 169552261
146952573 320467917
853273398 177241531
336900678 433555731
864197822 71773099
217848481 711106359
662191134 521231296
638127144 810991028
603501462 70720504
338416657 342898374
996495988 910936825
65483184 21360533
765264632 499697817
37265084 73392259
258723016 13032637
458256819 120282121
14305682 876640536
722377104 611270777
580140257 892771286
227068382 874418096
926755214 491089478
488407656 656581497
670679087 149551376
183345556 720168270
769369451 837098478
842427781 728727838
58913660 216703249
465785960 988074685
559358596 64532175
269449955 845758358
299647017 734301353
382664170 483725752
688058614 300091777
446778986 152186574
352659732 765830324
21809990 858015455
660889079 370714424
820136389 438780083
674435329 823132136
240634675 333915150
580455406 547007203
941563284 827566071
447920820 813422924
60387522 389085129
346696184 303818250
80318880 529465310
582720790 54090348
993830974 835756971
849922974 486795544
128284366 378288701
353770710 110619695
257900327 349814856
537716684 811937202
564379062 427683507
141489122 160905884
215863466 595059495
641833132 610059350
715107892 485789020
707914722 223045640
191270690 638030107
36365033 147209649
810206654 418923383
3730582 442911524
741546006 861461802
412643205 65146989
527128732 276962222
326337001 777886319
556857651 282053799
652430057 867256196
884998789 732874360
880385569 304997898
302720309 499742343
478983055 155380434
244750122 333551583
257101998 965213452
69048591 610509330
639665074 137721014
60568772 789429213
231749012 774026078
595924819 158363733
163509881 834947070
98535788 246953057
104318326 468092323
157210874 377583096
155938175 193124523
112536770 784167967
500039477 72180488
558332050 12487170
607895283 823125308
579539708 558853747
276169684 312758997
723934103 888796144
422235344 293569361
683317842 985056336
499645825 970288408
258832008 656903842
718392241 189212802
83164440 17077650
514115874 354328004
651592622 174037556
819386060 771295140
107527360 636777417
436350719 850145557
223174741 107305690
697352459 374749636
465658740 527789503
629017077 819063234
220028694 366030740
900142537 338644917
969521388 742543362
23366009 419111256
107982523 583320819
787952032 870430066
249988280 983664466
974017438 241839529
871354868 550453869
20367028 631799846
626051441 853492825
291255451 189521201
459653428 768299162
875923029 77874684
946387128 73550100
510615818 481921717
64044762 736085294
819955256 819129667
593235607 644614939
840152260 951958496
631467980 597560866
282410891 272391824
7848784 915908410
87283630 884681923
755022583 294875882
385858890 376452732
235151086 849101198
89605453 659977694
688486475 571126081
815774418 946271618
512967117 608193775
434360680 936445843
727690538 968075328
950972194 854197403
869650349 572186594
452953502 702317716
646499261 8498391
165528801 876755172
250380243 49477827
769260850 362224723
57855882 689034459
312161233 938785287
936345910 280142005
909573462 787047863
634618799 370367876
749135214 854731471
410135148 957149109
798962378 326016223
749242545 149850679
756924901 351176880
23179853 478322901
477985344 959752892
31596384 788407915
374273838 643225573
220249322 712014402
286879160 489565152
957677837 898072448
796787908 14117258
874181916 326702891
524312859 10390738
471707304 355923211
496124421 975733685
687764103 144966758
254298037 2676050
650525510 104351693
481762073 590691651
788148861 251672971
127720366 967300988
31259233 96689917
9877583 194997968
831270097 375663685
364864391 78447560
619684815 425049594
132639720 75928932
505448612 86936619
410293920 978636190
231395016 488921289
465553935 336204593
815308052 57256844
593589764 887450574
140878720 47365867
555617209 376287696
285994751 673937347
24356611 464419661
624561730 614394335
389257684 245124781
476529530 910501241
40887741 365749402
927222658 382935749
40663884 17697755
36247374 856091624
322933567 245236071
570413179 598832517
389992836 471824458
213123835 686150185
866001146 112521800
689114373 545255831
829537079 321041810
130832667 160109967
632109727 623977874
787262342 357686204
898451653 36050139
929143551 423817797
481670921 463159840
184005913 115652535
300515199 363829977
275415596 107200802
802826420 145040901
28558678 202722597
774179716 232361454
386075334 741417380
998513665 307761352
769554206 655023740
261965199 19906337
458513919 617306072
352154484 905102618
173615956 215430010
754371629 864924160
46157720 384739023
989292283 719268803
171234752 308047185
868709163 745471606
604136965 186169117
426089915 792323378
124604089 724282703
171225028 836466993
452981333 296289003
737961133 609952702
865736587 297099941
60382266 786862743
309132741 173337305
61071034 291008811
674239423 883375382
438206677 729736727
268471586 490345384
160104924 955813256
580440776 842371365
283809284 607830886
242648026 396532799
239930872 319675158
271804299 868082151
814666314 537850813
937513405 988068943
865643839 914693424
591171033 4758179
723961776 683578173
640101864 840231782
287568814 843193402
659565036 970460419
892612890 58558838
843497917 312734834
11646497 597952869
227456413 298451886
623237072 248646028
315693269 349012810
110605166 545201350
30018810 470452951
802363278 164921137
974630967 437521884
239482797 960488649
812537696 598895664
683968395 886124580
713674404 752606606
844050649 384444812
392387490 745919287
50135367 102409047
356277588 125108419
768016123 44984850
275656726 860791560
88785417 810394991
250460794 601687952
252604023 164223028
529921629 904823072
681209953 879967138
151863913 974599663
887365376 506970950
30582250 639860594
414049618 59410382
419713078 512592173
495075697 376208355
387615292 384509970
18418637 43408892
768506495 627414504
365524888 550555876
235693733 947443583
229287919 677962379
511483760 917818330
430069375 509980701
185032340 702197719
557907900 71672395
485410081 870407164
501332318 947017921
718562698 427065616
479300841 106592377
346462652 612472836
578329887 989355093
202864707 74285289
147346734 344378106
627684238 515132999
857583816 332247366
577631187 226079785
343517415 269087029
286925439 92050290
785986865 877354288
169490508 644035780
928899789 171428225
552866843 832506512
755122005 642456636
594863895 996598540
449254384 224587805
162950910 585443312
732847758 157261232
31872837 180705403
556813974 804210849
538950502 28193650
273035190 73681996
434116624 687145985
448243935 204126200
104688678 767988425
414893167 404510808
982836482 502475795
747321444 582050728
293855796 326025785
716097986 746282667
635942465 521267486
266767549 374822729
253608708 116208018
971665075 370384145
145917430 790675369
122134929 671167741
378555608 246967069
158595689 311834764
960774461 783171472
247507916 406446934
870595177 84908593
970920832 68770354
335430521 782103389
793986882 809961858
519022901 578590614
341831050 52719456
874113737 635649597
380007840 606139425
277065579 505853977
983086591 408381353
298773742 807024767
427459096 45111149
261617346 796109043
651156648 158727419
195054586 620660538
735927048 428973145
9515341 400142874
697042544 705935687
659027838 831681635
202473285 332161987
487046003 898318490
474890775 63496690
199476214 377641108
14897745 438226537
451342609 124959699
763398667 979593011
902993115 24852971
577970475 464839703
498275800 177154460
744063516 632031524
6058977 310494696
994077050 26664127
190159435 875973909
143337573 111658780
201971719 542058175
531473481 219501214
687892969 920780967
976368887 256853973
123439585 848991927
337305940 838448213
718720622 600291376
120097824 327139073
193171491 801418009
422742768 747608921
221330931 609754862
859507295 573328258
270047579 810500157
364742605 570712717
482270921 806096449
208577923 802304256
268519634 256504651
747512230 455136381
489076888 204046526
233544365 920809891
999191288 562600311
378084246 228366509
449720935 317312176
322241568 421197199
158722183 248139065
474507370 211244644
138231857 565291764
542746473 506145107
379481379 741252551
155641148 474197624
606800550 630802476
952747970 481652109
500038912 845721547
847260158 970924241
222737838 45809561
582039434 219315387
834981011 600946369
966380858 501068154
606076237 597821752
238263149 209020311
550353352 490061821
760427763 575887066
643502588 310694295
202276347 532477188
510497858 237665795
687357954 294501470
571436191 328377807
967877823 306763671
958714362 205046078
137506072 574123645
915243994 100777685
173969468 341989895
26150766 274209927
893186463 257577963
504170273 64447201
549554467 498945595
578075761 587781525
79182182 606143966
717887573 178986505
2722217 254159172
547865947 902435467
758071586 937364951
535196775 187764287
58518694 124224518
242024423 716540014
210045863 775577844
852491142 13082225
145948210 404905641
595164572 796970334
119788040 350032658
553497369 498729849
499848958 699126544
40840775 941103998
967117384 853250180
618994341 831047426
672009541 397037346
304517560 908928122
337803925 369075356
774919707 119991204
620371087 245349288
856497141 127044772
84548916 85981988
353303511 371567607
848794741 53641204
537585575 792283525
828714438 668656293
847407232 953367281
273741044 787167248
638629546 254971447
928260847 328500593
492349274 735605970
716932375 66451944
516592606 500480360
886263812 360026234
991620378 625335241
454493205 485483476
271385117 469092373
990058786 426739990
328368228 733724893
150520656 710017758
741121572 469104044
367721899 970355803
30039403 562347217
152379166 140174553
904605013 135673923
485588189 668235435
5145136 446111079
405145241 80358873
766721333 263490165
945367253 390017730
603166021 964053969
557480953 405957894
5420860 255487218
787164836 287197062
602664996 689692468
505538278 113438412
500518166 862148950
680625369 767102104
784481781 706384678
997676125 56880944
194518408 719816462
523626933 46888062
925551903 136441232
626627039 349531774
780802702 189970193
900509506 7398163
761351682 671673789
693961345 44486974
439310752 754419367
922434676 784623048
142448742 780859950
351990151 175276433
322208016 988368720
155333164 475733470
672376867 640984352
315018925 629741014
315665926 103692214
813583908 221422856
108361105 266113512
192343675 934526484
258249045 541980745
516205391 299456473
686218667 710907740
751651133 13097997
354192160 93370
804008442 947612491
951459320 429801724
234523455 878606527
679208698 153805157
311153404 432164722
136352945 410677690
599100746 286792057
521928169 746244565
521620147 805699003
322788292 394937141
693881071 933961065
816345547 620596249
625335858 696860871
684273942 124246273
708288681 877968065
140398809 704250583
283229795 627615561
670375177 563950459
354446723 392449202
769341242 119989304
113148074 81670624
917112279 678435806
426050179 825618099
444966612 454670632
812959102 441030733
446837857 160137799
72800861 281438185
938515894 690722932
320693088 944335960
613951365 816496190
700875988 232693803
856202418 509420262
715088197 172832593
900039749 373696698
110743642 648139213
906020337 310043694
843499424 926285366
710170303 339970942
471970401 360398308
690257421 315210928
883683602 992692621
972566899 616870573
87725973 963104920
257582543 267508673
934981658 981684625
397553033 545529717
319227222 936097516
335846645 156242267
499067898 972766787
832970466 740943327
139752954 714216291
435817072 778492471
808180171 44835734
940186793 791254975
947962024 703698948
786657190 40447851
319434893 212523063
990378570 254718786
109008606 812907607
956659180 573068765
553025702 180496616
15313705 184589147
856425226 795650655
881465827 208372354
551173517 816896178
626387130 306081188
485073048 228438873
386789527 744458361
883128101 804185911
791819647 992452843
129070099 748867768
444846765 848631513
718636388 475444357
292907898 902736830
728276777 153757017
126350177 944463031
992728112 385265751
157301133 438252088
687062161 58444034
562034423 547207408
78735969 869528604
377602374 376692216
807504939 736729157
862967621 65678579
731055433 451782275
796007652 270565745
890395765 666309242
911770450 476839305
650329053 399513447
994935996 239967143
575749472 203096131
708818563 858729406
621807329 661196047
348768170 240952228
59225819 927740395
160539528 111695727
572301971 80915599
451364356 948289710
687531741 680447526
917915975 325449739
87319741 494842980
123761550 370133107
179082263 313487062
975929394 84045527
502052903 734535773
422918465 474405715
431689102 145402793
415554848 906126477
941487497 894585469
344681251 829261566
104451438 221277039
386019799 122108724
694041249 518257100
621059174 408625552
232196116 450463507
784410672 470648818
513215842 580971904
411188073 263138883
831393064 222816565
529797499 793045600
163990026 836060222
77549077 997502849
224402659 398191924
876226521 88955527
116365632 755726668
917443862 446664101
464282018 489213895
352238017 148924304
853884274 561222064
123013048 193642426
275950200 312973209
592513840 439092355
574281263 15224025
371107881 553690911
883568296 571060510
326186013 515612650
458616588 997538507
691026156 321129794
958762007 587869229
901635667 727707983
153108285 166958746
99626161 686221463
487557831 330282386
117251277 589934994
327918800 238723100
675007565 163481272
4540258 28228109
571243835 199693613
116502189 440660471
687104512 810299232
149873937 345631827
298195372 629646535
589974710 183735641
875266122 827442672
443029098 253360735
355338375 482034288
927520483 79494575
843972996 864738906
246161083 581890789
820163168 494212672
154362396 805858066
640793104 315632099
503323716 451739273
904684603 657256352
517787601 788444798
327645633 71897551
721141886 397062169
319021305 596979766
169962586 713900227
681060041 602461342
31169051 50366308
171868367 731189382
453427075 296468509
806220383 292950822
139131433 522239162
754970508 394884745
307204840 130654431
637245592 388938472
797834685 524893910
420373748 261123230
779448910 61384647
214000054 4685245
737703097 969052386
120277323 806991101
201077181 348575908
887060665 419398327
81063877 491581652
536110788 385056807
471365159 576919669
22352085 766479648
848106417 388769637
440494988 365101845
993158132 681137322
233318406 318663929
15354806 834956948
875475048 533512764
477284099 180163519
547148858 347628416
404873600 206669241
355058968 140755996
64332248 241487370
786067963 868384314
719770544 335441317
526964758 905867547
718763948 536084877
95221318 153157057
982013202 270132013
249371561 982404115
628543234 804798567
449743852 929612829
76233981 333182198
104135028 934732917
646092782 270999048
492457798 788762398
549964173 74597831
76410769 415900528
246520261 22401473
883527418 185504178
705366714 510410948
542374776 474355121
498677937 888736419
417478734 89739539
577435368 502196266
334423761 743619572
933704634 866431687
35673321 325613083
53809408 386579081
299360485 799328211
394351365 771581374
616002717 10286357
527778181 885116940
953506400 875172939
764032817 84115079
973933505 779089709
261333617 615482238
460266060 754521645
208606229 4603084
447837069 671121896
832460189 942698680
947626846 830294900
765944778 984599166
698523532 163987893
137853112 472146419
586900207 83536697
770520331 590432744
589552231 674805631
301074069 49591748
768158000 704371567
485912261 360728362
445937684 441613017
167687240 449833030
465074962 330544115
331527212 223971565
808911712 585262965
835528249 95168642
324109915 320150879
879346733 530704796
815213628 954850814
780676722 390681512
804149887 354055035
114906618 927301554
802955456 814971958
267965195 962765677
273126764 818719348
968469972 664948664
727404659 954120642
268801995 322060079
721639576 226312142
133529376 491586562
233284974 803935428
639186826 67848240
886448808 195879713
297158272 614406942
428830784 112737678
790317697 115472294
351019168 510190601
480627608 250262411
890193215 43079168
970387294 206506931
28189726 774351797
637340842 845932763
168790236 750306176
226929882 434001470
83528484 307873887
868511860 149597146
86164771 810922085
348294757 909634660
385313900 783206597
462009092 948709717
822340199 716594272
21565913 427502808
166348374 574743244
917645394 64807524
995502553 260365294
88431355 371719985
55055307 310815052
201249372 675994873
357736224 775367287
45734575 564086255
806559641 563258112
584015743 822338756
349778802 89599593
610111013 525063604
865215341 583810821
137066003 660224035
416029630 911672250
843005723 830671017
243118515 319866819
811984206 848736793
149684870 585481543
221492471 399258756
113547342 906235861
594784679 433649567
380476435 137871760
492604017 672226770
889920033 369032883
529294225 702753338
563529666 772429280
684936520 319967487
836290070 363033401
275966913 578789762
838894157 203580675
330663775 327490298
567424087 367701174
880644529 294096856
897320776 194500168
812472621 960677243
143344691 386870593
925414944 593568954
834445442 607790680
973834160 565841626
37922191 993701849
945427551 223220147
166634704 544307652
890592077 367888609
393134411 852045630
241861026 962866462
6042013 389088285
998743227 691250048
295415810 333789590
896009070 252634516
354122666 269229714
443883757 310874378
436688759 706970250
50485703 712599321
669346313 762861663
953659334 913654003
353572212 532174390
27779124 522325121
484729369 178790928
939466422 169234650
930960462 793038397
924795137 508538413
264093614 8479995
592873198 44491802
465176478 432255196
281963338 273493922
128881921 47011677
806535512 879265679
171544522 319062659
2613870 370005977
134413828 265437532
109677867 944628352
618003073 673734271
112253321 830875120
383330787 73405355
250589630 416879177
387026758 240852385
484729177 9771174
469131838 137776270
790542584 69269998
544084018 69826339
653353392 333986688
714447240 217661192
771215162 284732833
682013911 339571229
630873195 147946580
824374195 558372411
239848521 561722009
833065085 47052617
720483349 19342569
625533231 703842961
748088365 6401319
342129217 550552704
527017198 519740458
837718063 503392210
615952357 711952080
436490228 580202513
650553494 158865868
708673297 89517840
949794802 44442288
198694248 146874590
821047404 933259045
634542627 782624283
258005882 338423314
50162014 14259375
473333556 28182650
690138568 871691756
220958917 809762678
892739126 666499772
341966008 135315629
566905041 382429395
275042974 25860464
241630406 396721763
288449261 651858643
60029390 215510910
760134396 132092024
788057782 270535856
292069009 986110803
267415770 330021544
898745583 575353096
900150284 415088873
632113579 273668288
200841285 350990811
11746688 768691619
90633599 316139684
977977126 458322554
205823825 814500433
448210319 397239392
225642890 846381741
179781899 176862960
396515516 82336750
19810476 769420003
417241448 380873265
429797146 936675233
842019069 694117768
508567023 834101710
717348905 606870260
649785282 594824647
981607423 408192705
328565797 467796380
511182627 615505022
148390782 552877452
112823538 816013853
830429720 671743908
197808896 880999319
803784832 859353928
740660063 405608779
316316884 260157543
775744758 14147006
782931450 50247122
434099124 522090667
966471796 939960118
909088835 854410289
562006537 985674069
824596514 988141090
804640093 852398195
108284480 957445784
408262550 949395963
761955868 684237504
386466548 706759409
475306903 616693741
780592503 315214376
92875132 19052684
896854053 908346933
950834418 418796249
366870522 384756281
980495507 685890137
367428034 780694554
348788362 236397193
170715839 649962470
304508697 42900459
318594446 991947863
200298538 380321524
546831072 306267596
250174876 106483877
584040748 479949252
995927814 944863284
940615378 111288552
564243130 690847518
528296563 839874373
426608015 939873380
798493012 902934635
252237630 5986793
318451074 838490159
282776049 535065850
585716488 772980561
313055303 49747257
843407500 708778852
358700763 449533945
253176119 604899789
697760061 586878794
586534861 8275907
814715591 460260026
42802401 384466715
266589666 942354371
882808413 689353071
660189935 318495269
105857202 864348491
175323166 878954199
437211385 169545743
896253160 565111154
762764188 167750657
964861680 57161774
620294869 49066438
884138680 129116894
506545209 684312072
502049939 546740922
268560063 645463408
344363434 757501903
295885567 283343417
498398525 677862723
205062841 873279442
332296044 480110261
243310391 725175157
363981549 681944649
685523352 803982506
371580424 662582814
471166567 674276957
838427778 127635461
740953595 190633286
626662375 554295133
901010175 445101074
661976791 712859147
132652810 560448837
805409313 105445963
443488336 61786930
816841073 85406953
453079714 713695246
533287633 193764669
686537640 674158816
391199524 768213487
988129263 970274638
821190779 963494465
602428419 728422108
9306812 720926271
246096349 784117746
424292119 957048325
845947917 562797852
438219675 446245417
646559931 990494073
884293175 68158995
874150028 179866753
93159904 136421849
272560681 496881314
278401838 9534354
487474986 939250999
974317745 197369528
247832863 134550436
168243227 116414938
776846848 3325675
1025826 744654855
822279325 824283867
618943552 197154857
784311521 819335934
602013194 292291864
368905435 204588939
664255689 935269203
998117335 9701827
731019717 113500711
397486915 418161562
218321857 653624503
550718073 944600036
407868685 669689546
625232370 442263460
160078999 533144254
45559759 544914397
797056456 74140854
899973633 877164877
727558321 842626010
944294351 25030990
616917896 945081477
306487836 907268917
56670507 794455338
473490225 462524831
203521033 238154105
450132881 910764186
516417084 460510723
869901128 58592473
752536327 156729950
732936735 70884362
200263802 828675295
994468550 550787946
506415486 717324290
225938618 952642433
61307523 998477922
152798769 106315240
492768771 888497351
317619262 609395544
609182374 197668012
133137027 810957091
665127473 270125051
619488973 407084897
754861496 741246074
399878066 222926083
493088126 788647470
643082635 512274965
939638867 737055907
710089910 157928390
630054292 234614030
787826365 773824710
719576469 277096628
277342684 86831767
901815715 171178203
794284214 486296571
7562808 810697199
403705579 961568587
829885678 718316453
844566966 749114226
464063691 951182493
73872089 170650375
31382646 483572944
487050570 24611702
9413887 522099700
94889482 707251654
311630633 730345208
577325977 321102830
170678193 211635331
33204687 709472541
796502699 270741528
636716042 793901378
200818023 341189350
48072007 278063217
708776775 882785771
149360856 154948694
281230360 148706838
585380715 970433684
610626985 163511721
595315942 858360166
126381631 722713819
196784738 430811409
528238832 340402353
787419059 394353213
365393379 69515704
739280479 516087280
673179952 575912955
441700957 642016951
809163593 89344169
837310246 362030695
679593918 626356201
591099502 473971961
430248346 689123648
961490510 25406765
584977717 756345652
161330123 799416320
548679785 33368108
436647886 197434990
810284574 635317050
121019093 676129456
982538363 406258480
439423991 706077376
786002096 497122286
619762503 211872008
108331658 872811959
541552246 355580339
90484529 698336311
197223018 957397059
439970210 263650157
415380261 563452067
326199441 134546349
600259141 582610149
671567381 200553555
433235905 942480178
302313626 467819329
134643135 985200888
97366743 893826785
733002792 279531947
179730672 101612970
88763057 367456117
102597829 430841066
456637042 288208830
404627553 281814358
232619204 373757582
359097095 93374381
930523616 827544866
505946883 70928110
430934193 923356899
482891427 308626383
38581878 498321220
453742877 531469790
294106759 527246784
357816515 626202464
367928933 600286718
704281138 167477539
370567787 332515781
707406628 683605967
810441455 533898202
894322390 498224322
633317553 895323922
696063244 17547036
866509313 209545079
842413994 194636327
870635599 646525934
650746807 363049143
146023486 684827633
814244095 277233157
206659026 978367700
71301702 688125171
77245663 272773969
559079616 798623642
489466060 570570089
846862538 715206918
682986758 61096851
310874386 398293477
757142160 763551524
909398955 81910796
681842592 599897002
117866354 387232476
411093104 142165852
905622028 921894092
658539223 161159946
137272597 112150935
176778161 425165371
409822503 339740867
94591365 338795060
536292832 726969655
229884486 719838027
414306007 897317242
681912094 719671873
964535218 381645311
750444467 297684584
646149808 759421794
709873179 544337045
849306273 248130603
587143157 81961752
854710843 736209333
966007219 642195434
444446649 769329565
791259653 804018833
721623246 720258697
237490058 460982571
409434761 969114524
592691952 176952425
887992672 273499245
896059528 860025296
677955704 133694789
585189598 480976696
861879849 349950798
115241958 431560502
631899750 149657381
420390764 702663529
286050479 359518645
774500386 609071186
711190621 803653845
56807415 239377801
508918987 822553521
85149914 987337592
60033615 526159419
196484930 787386324
756330730 654477731
930883439 510467231
720839213 167186467
760351759 532094797
779362349 354431195
951823371 386648930
80861627 27687725
863434433 852856749
300432532 61090607
618603686 346283467
863055355 257010105
926288757 571122194
932022575 350679637
465956141 26805486
270075631 234579332
421702951 359585327
613911090 565171133
121364653 966703513
537680036 220999230
936584732 753160529
39419439 348034182
239359279 885305719
106898665 740178646
904052228 126981624
534850547 451239353
560392846 977550411
271743397 355778434
109029131 906302215
565964145 887913109
178252457 230303325
769228735 313827732
815357284 49357948
851193378 886717750
650071365 653151177
861489490 477580624
735705626 877284857
32318310 399512781
195905477 790700326
776969407 334570637
822663453 929282900
438680386 847190282
657889549 768452299
535431439 257903954
522636747 572832794
782956360 251257894
167528016 710393514
635767202 828888073
899761912 534862869
624074242 957470751
532885613 360182639
252296175 234492448
751078009 374358915
664543240 445998064
289985215 650138859
783678983 384500010
975294753 955606124
324455876 634077802
708194948 743097515
153747541 615831244
744005168 417850464
35744799 390856722
758427201 306043812
396497894 961132276
204940897 667967320
881625898 520455442
228751820 820494006
675329627 774665803
496160123 563784612
26420718 63918415
601735859 828928966
613032061 726481634
488390482 455338399
807567967 486318151
586973450 946606676
179451083 656897915
889986877 500895204
790836401 954923859
649885589 155434809
560118928 45370789
661745920 876469624
397962689 617744640
516437384 777927237
496188440 973910350
476956183 450173719
262873326 485072913
555843750 102863689
799245222 384796641
945079533 663753265
916334184 717269572
968596333 832286274
995493520 860654308
155504840 439597407
318627969 867557720
222746248 883140547
604704667 104191261
22710170 847167307
418148616 651370507
844137222 104050284
412234470 693110305
908911358 581814310
290831752 556425661
549063115 869571784
944710038 303960840
359948024 223972574
386585302 663046542
267809176 698735879
396805315 488544569
854628982 768412297
271772004 890180132
533338593 563022632
845048308 479192599
852733999 692976529
531210786 25063866
709276555 392291566
864990462 816150191
510814958 295334054
530642644 951688438
260346948 13850052
303894888 176366992
450107852 495972585
21182648 86821885
427741532 658505831
486199858 253127331
999727661 744760710
182840987 511104210
723054151 6698741
375841105 351864378
352239889 127391288
839087965 592447789
210418136 18353393
204048188 764241202
139384149 462183830
235303342 861783777
193354031 961917232
392470747 288085125
905122380 499901483
831446158 986956805
302940830 530950353
967025495 99320299
383110478 27701468
159821386 829355187
389540863 468173028
958022109 217882319
834130077 273894225
907037095 572152311
277657040 528604261
757837828 617966465
226097463 973286479
952202879 345517268
483387045 798194074
943576908 86494658
617748394 54368786
978243646 2632407
632979361 53038995
807512107 709605585
112974653 211693047
493460850 710875276
181401294 724771757
805228735 545197159
51341443 143650203
393181335 11489613
496853409 431515008
394610949 288539784
711167742 926875709
191397020 847514012
375015817 216168608
161826348 859392641
408204316 298681050
569216849 478783580
841803901 485410950
29650892 454306759
587111124 606504655
684554236 768892202
145454002 361596964
189463118 290416814
520128787 73710413
23107001 929731669
999300915 308537156
247008557 836909995
380325410 770679931
692415664 397047003
758189589 205602526
303694378 144035595
72489594 701292635
586328946 695632283
129266390 323731345
917966538 502055802
978439642 336716715
8347662 692234705
583677975 176667220
640400859 629734192
773459798 236524317
630851048 874502452
214606369 916763313
149041421 737782785
96221170 817815078
338050955 55616783
853033365 843863529
608051852 962994222
52765928 433705400
808038254 203299010
612652281 784346850
960717009 184575635
428241895 910931248
683631236 486332273
72517248 928076556
415394500 985013186
783030934 188467322
685606706 578140460
16278065 598748195
580374708 865385227
338903632 285967905
690300278 443265678
865975145 765611032
50095593 806164583
108700574 531096989
780458464 855237454
970651271 445142053
520213154 699185385
854887489 561831955
286997071 865369538
587345867 894453912
666644253 635582404
457942740 853873511
28203373 245245249
205653598 351188921
439194551 200297601
304416677 286352768
481888509 413423336
667458548 641772510
846825372 881150102
401787809 617294868
481021399 444292327
412491259 673286488
449346394 919971425
488569187 199501704
361118334 727484402
613989080 602531293
406474362 232446868
969301765 557360393
891269570 77928307
404621927 302295010
704900937 422027568
784983290 716655044
384411922 798172163
277788466 773244671
54743424 891567688
97993431 140527032
953215209 937221869
68209984 190395860
78099473 940374387
839634553 595705411
908846748 954208548
151494008 76317898
354390187 563107143
657701234 367471203
209396271 889342666
214595858 863856747
301303607 903095258
153436919 427244038
170621682 444619973
655212881 367961181
666365435 471314004
46671246 997359274
333467405 820067867
176704266 402847858
22477970 139251432
831151449 984784645
931296396 754905660
591017694 110952490
694188058 129315548
555879002 963856567
266803153 360158671
680817885 222082345
692641790 79345566
620877970 827754383
444834798 950866668
266533351 83604432
996133597 24707511
830762000 131927500
221221180 130556597
671060434 335161404
431234762 176922988
548469519 771756272
614604376 524605366
260662290 332965702
608887522 686863579
438562862 572478353
627614011 822779097
54184460 993199983
2952839 882747890
385847761 768824517
125858252 300929829
950864259 700274063
625237253 639432564
258634407 891381277
865887313 582632865
267704449 603248156
665951626 979133833
651678856 333561062
921936495 222028434
783329472 866000360
652767497 283083981
131485054 668249823
399507078 121887544
106065329 930424449
235772501 793022776
880966709 586126363
765050270 670435014
680708515 553385672
532135622 270294768
848480970 840731663
151965747 287777156
360709357 953588659
993999001 92622153
722442331 21011434
924633961 864151066
4188082 830898162
199302038 264812578
534389279 243238230
670613947 75304974
607169301 762308653
82760258 630510836
62124519 436929933
73682747 914659031
514897370 273287384
638426178 257043690
526075765 906973233
281586820 16403368
361019881 170780466
377358544 485602099
907021004 585892731
206975958 205480663
113556689 224601611
375439102 998507846
921815547 485044849
3469058 286739820
291806956 748000682
346607534 452217068
113563418 87454131
617996689 884938320
75184403 54104100
873310890 452963219
693424192 21530282
536369343 236008126
275064338 611545894
919319190 632363980
918262943 767354375
918816731 78856927
516651294 444889308
138097286 258742410
677097320 879102296
653591883 543542823
74393194 347607256
758996213 15155393
527051215 134067801
443530840 83566864
609909163 3222873
578778942 77981638
664950615 777029799
182031976 19302225
591347135 449158420
821742665 595540024
12252247 760431837
436848100 880205680
306696681 831271989
736052043 365842461
5527012 323163900
188574189 7937985
340733940 508925980
44534641 372570286
48838826 639198901
459837810 909429564
11585586 812031386
655613086 747165455
38777362 501092543
36746843 187696341
993884119 44564619
768314243 846224773
118496084 404400557
543592962 876398314
577721644 552299282
197638075 342407832
353671733 323250429
331671574 920209527
828569782 94592229
515934604 991044739
217536938 104642909
915608606 281280892
444673125 203624422
383482808 429358940
208019682 447935405
296431981 146187792
762488973 653261379
555931319 996912353
504495511 455856368
758014188 361969847
288537549 537822983
248522557 85211991
451337670 428581050
644388430 517811490
52989060 214761416
508789928 595875919
249421547 781327782
292399926 903461193
412421428 164211427
276678177 188384353
134437450 703560053
407502829 758759388
163323665 251594943
844795082 207644977
283400053 437991140
244880140 963314897
305567941 332525809
848324373 232527744
23213847 568858551
977617613 946177556
569262241 502779885
849114988 151956382
54282465 373007056
240395675 509845685
799596068 74278300
790621045 152367060
883337314 341856830
150290138 44317072
629687303 833068367
176450537 979064176
834571889 298796936
245633537 407236296
870964828 985823674
890399856 590748564
763932386 456081488
706276241 788388707
548473137 884951653
895087832 842827397
776485244 375046461
35848707 835752620
619903052 856470892
444921119 749420927
632945554 651737018
437569150 558170906
304580439 105901969
299599858 110720407
592491888 710069765
819820652 970727621
80214267 770259605
417299130 800641959
136789329 345086920
726483031 631253238
609054362 84584104
900183658 541195736
976108552 222003381
451880702 830871117
496079925 693361961
11363393 102799556
168060477 77495281
955443947 991879431
716890269 244894350
199414825 753763410
284633755 399120856
994606659 353128456
875390849 481947225
961319388 50086752
20349251 186699719
669543500 341170699
227353971 983820098
668750084 477548484
462936878 696958558
830913019 373519890
671213869 230380249
505165640 153156431
377420803 302240130
865102160 961899030
689049384 263704321
959437341 592996557
784840147 637195295
726350329 864859397
390244191 861842312
966897375 813820877
831878891 82645207
800423502 72737128
750234472 747931678
363140241 921919851
385613177 410458718
246558269 842227763
481122076 764427090
835322019 629240796
799071502 170181249
377261021 553718151
797125194 336343189
285674040 967812261
412360561 896543038
523537325 384361373
445310702 883890206
756845241 954496025
513631646 169254114
45639807 707671346
73006406 223822501
468902507 94387138
871593400 62204332
721931242 134935622
833610037 228920655
888194913 132259774
877259652 287019998
720981024 595908376
496623016 917030059
679523288 670781260
494885423 11995847
37655993 481921387
75246766 825445420
972309870 655563883
69542951 105416277
174906753 701513739
688704416 271773905
150648220 198609964
467520182 45128686
133812543 88210394
523933313 713725508
542574986 674328587
773138371 561859568
948869999 836892380
516355835 970812810
263796904 676035513
575295915 660910349
343138832 7274634
866995212 325290732
318418701 247084297
771308056 414228875
409047250 562086397
451408552 376264666
338584854 529782009
244381489 626544059
349895332 656454399
395721170 191402700
792566151 866376907
38811815 474969697
492011451 721295849
470024250 714389556
624853988 839806985
822621443 891510330
121305589 648509082
477549343 537662891
524496176 490269932
656368053 529678706
33640796 617108344
175012559 250393248
310844945 642510612
582606017 580919738
361821874 722659385
947095025 302377211
996172793 13326983
8567247 499947843
256219505 123951131
862923991 321906779
412614878 13700874
590595331 677443158
514186204 407666879
503768771 676007002
489658556 251861935
738522773 201695728
557758318 23663303
476020633 448212740
780129564 322231258
959626781 317602632
643173533 438303974
849448869 673004382
545640137 515248547
25725495 363173277
9876368 645627284
75369138 184835468
672353845 466040409
814589678 644355583
767667596 573352048
1033034 187866471
417228628 904807409
14868803 225347773
14965935 238839733
199149913 39435645
253108847 112470945
324424123 273251550
696889223 336038236
331106521 387965000
612848137 95846437
883180366 335815345
413542489 645711847
800023943 318901803
993789144 791050608
556424843 857577800
525908982 870298558
957419782 823374471
991203509 213579230
243348925 606111639
150643026 441586853
157165889 672461382
178188188 735035940
65686997 423341569
661442269 957586362
545697497 170322466
356698696 114744401
689269810 725776953
290222944 482141370
98534035 86748329
879313168 32328639
993960548 883668807
503238286 523185471
585530009 496112968
856221314 324957199
801464715 595869081
98807668 286765403
512114140 637394526
166032544 89147429
162283302 749234130
56143574 114744008
348166905 11735282
188489867 502484365
207267704 888834156
187389678 409224468
435837818 495192245
139599226 587670421
656972593 435896018
171474454 422184862
873087485 606705052
129438640 838170780
314355298 279888746
578883904 649857088
589139052 10447422
642821621 770451461
628321408 220727964
312636627 421352273
776190997 853695778
868711913 493075807
159843231 46442362
975461889 140889518
860372551 178875927
821809973 222722763
285693159 791708314
903699967 224673959
166522991 879951270
506667316 688773646
693411983 4752125
486437790 704031213
776690182 459451247
853198606 692675240
966559612 766490673
154466342 857917048
219324716 208941905
180982219 976043161
572507702 551504010
677271448 329807138
191520850 315495993
70994505 654272792
915202676 590266741
190469671 438639575
839183066 993657642
391089471 753920126
338611306 867165792
987853691 994208483
701138282 473500806
219037850 83307054
617251792 684707708
467600077 731037665
847932501 785979125
383994997 757573254
735887101 616946486
186104939 729066487
68637809 409971386
859381943 415966309
826239096 688426593
575526469 397658824
46115589 872350684
511953097 276710843
186125830 593096101
2093027 82608818
231160666 656289
172170048 448462053
848651519 617232164
32040624 631339782
789669587 840395371
656566961 69613938
948034924 216852691
254258992 827482249
615222379 390136776
11478812 949290104
27065540 901221084
545823199 114560823
937976656 889022062
675329072 428974887
797788764 590160456
665957671 594160523
621376364 853708923
401541643 782963212
75091908 53729777
407204179 881786591
184497572 389629638
19510034 117428516
707132659 527922952
107294052 255982128
229359464 980526657
756538571 766313524
313238353 696381784
885483193 766925555
755297722 475560426
824758684 722211139
198450090 185498084
228580247 571271232
192268367 372881883
445408183 164175300
572718561 912143119
328121680 15525101
714769800 111523407
247615129 552882239
376818014 791681613
785154829 612248660
757292695 330344304
641669550 736723385
909030956 14719203
693061252 683300660
305833885 930043779
607085292 188918280
294913704 824559330
821797080 994673862
259486132 625975553
622374286 469472240
336717214 388492565
638448185 256436863
410848414 220613707
939681574 929518695
805748128 273036934
754021255 368420508
722996565 984185637
94682039 302441966
375299446 968274309
155736528 834605678
517123332 230549293
756273467 481542979
286115922 270418949
913487190 486882267
967612018 475046363
473612041 935474429
860325147 875085957
10694271 896261375
177975528 797113252
945015848 346691451
411363454 765614330
485278237 342965727
471654188 420578256
317027488 618180570
214502996 678598533
420302573 854677538
834421652 91606292
150789937 721842623
363733611 841457420
800559939 334474766
376028577 899782780
756418974 294376238
621632179 840052298
441720201 204122210
583021895 138486000
377775780 856276972
892141859 472979972
249062704 93052430
986736646 988516523
779664380 106283362
382804912 529266299
835270969 530825744
670797441 64036812
867775040 836987960
377294272 184392889
294446622 659084748
23533010 705260162
478285169 720390105
521420120 545144480
795110835 733077381
856065869 911659223
12572826 223657572
629152047 99800985
195849898 553808120
601130313 398299488
226998226 510984259
83427656 697875481
647603446 118516632
88815474 63253612
568613237 691208221
232420255 263363022
457692257 402166093
237336668 60918466
737018409 111732026
134448964 947627396
1290964 867072372
302759535 501545297
281127136 557290449
302327005 248228202
459766338 457787647
94718315 857491870
408777605 686932444
263779975 801522771
931387877 218422861
793518203 209642981
358791974 881564105
408455734 695579500
297927525 199669280
561682018 56317817
541932848 153803000
967128614 80213341
402186442 764023416
951098276 991063403
537081427 473456664
447278667 956514085
600492580 435146718
700213340 747912312
342410916 997885284
663360989 260172977
542518267 73521754
676375189 940856725
799017820 938224501
142338648 917617453
715871402 414291943
432648481 158794086
382369755 672443074
161313469 60072271
585329923 378096250
911601820 13574135
476307813 229079030
552651929 559891353
393454998 994111776
681183862 906925673
83000005 435281898
644326176 978997962
470160580 105909779
693633852 8633170
675157232 388083416
27656309 969932534
55511384 524411593
587783667 97521209
530824795 711091259
36105361 949334599
48059320 690385295
883597742 243128115
284788529 237610603
360516680 660997216
641960681 300288340
540304874 55017927
654470158 115182144
546465488 539937551
87948785 46263776
583305934 110439620
481152227 36079854
303286614 546315621
799494702 696184998
604918613 966047788
776968657 886323500
459136421 191121261
892862646 828902980
601106328 593724275
614133838 669827603
124959900 527148897
667606918 327356806
339027992 347603425
611161704 647549667
892276914 957207602
414848190 979589057
584984253 549360580
917117423 797129065
965020655 891477937
554200833 678128457
865781293 962161611
462757216 755840840
714787637 543959017
47071073 117154542
22167364 111337763
580775951 939881377
392873603 12136294
874181435 117669068
462347742 550134873
840128319 863481391
980283353 418449150
934909407 60520712
378708931 885600551
296961983 339453897
457855821 484600550
447902451 523851255
398170597 953671975
667965146 288758863
129754401 530138068
318212165 804102522
895126683 379679668
464864987 941918397
93398136 975195944
841546795 337111826
276804151 902132763
512185537 944949201
559991007 899743641
142492407 682287756
91421427 219491053
373024266 124521114
819772814 461834372
876916338 124272099
427271669 257722402
822981766 397139424
509207877 119813032
85712025 894211567
534123412 729278137
826617225 694655724
962986978 684990430
196604373 276737989
570649969 670022488
89270155 275222273
317604551 664040511
519866538 428714956
311148961 109380022
207304139 46553147
802239318 964534986
826348811 667094145
115339340 576949007
273656025 278541512
627009285 662251492
345847605 441063830
560075155 201965185
546355238 342744533
324962538 698093592
765278510 825097
662002654 387348951
388235784 288372683
253504450 171233139
941462589 234480863
502570786 521708768
70465776 557605531
246100544 295259641
284460893 911006111
538252372 510776306
940381704 506856522
117524505 301982983
826548583 207585075
205441245 913636350
36475183 382907431
943041951 343676534
425425920 616762737
932915980 862219161
653589293 28827232
779951515 372228903
777092316 922362891
832441255 844787225
920229261 740163643
888759976 603519947
612546506 787734562
449107921 926712304
881372774 95913403
374067890 525373140
115797358 202874187
300742242 535582133
886555922 504306516
863254856 617356530
379069273 931297521
712202782 484438835
451626380 901513328
253333457 384812684
667314892 19690764
993105855 696287405
739844889 591732078
100914467 742195316
51998046 856122460
477779169 912243076
493287309 827577061
563133307 539067704
852712560 569982016
553254810 310455533
639913919 937848971
728757058 730749055
533288286 89172840
817387706 257437811
195563332 754927582
236009469 994673104
101362447 875634934
647057702 122987208
101096703 392240687
155736860 952626638
764577492 66794215
940299632 286218401
556528134 986885224
783799686 720394005
37590650 906448109
338983646 425173035
566987981 862251968
293404322 968733238
353034570 185147498
461243789 744160142
835713090 14640148
519458419 654835567
881981306 206737825
384343888 442512785
713238795 346069456
603436851 91599607
956145909 527512794
286747693 866568011
491989952 660612343
789105780 371342958
61935653 882994987
247322229 525975808
205001823 686516360
125315942 236068274
465761280 421428
680856610 839106350
50143441 446212896
250617893 258943199
687367977 899445374
330191986 215592389
621804631 318500736
533105747 945238755
765275062 213844701
391669563 905734594
676793398 167805821
397352241 397296177
199074514 478229030
8840531 343034715
94253953 343969656
851030934 909787181
78600831 572137056
738500465 572471605
621308776 177675343
770289570 365791179
548781429 573305922
369084979 878537096
146873478 154088331
463697063 878100050
644554314 199674104
303768959 950933682
797306799 680334952
681712910 154984266
978805169 349294935
172497627 849586604
133778464 582668107
600275721 247140397
426265350 13338179
832872627 881954768
18557194 875010583
281412386 83076025
519199493 149989194
884889958 27381389
605861758 619180061
810652110 558008643
702296491 348646605
118929139 881852422
922145884 284057387
584822579 698712257
284379392 409185517
282689118 466937764
212017794 11383826
432375736 841913955
91308623 175010786
546817776 175006061
461820473 59733952
559617220 765691451
223305071 814804025
773512931 273797274
707706053 203962799
282149134 959633613
297581918 528922346
380103257 539094664
495714781 332653699
246522771 503766981
683740757 316613597
734607425 792519635
110909912 208832852
618245010 327249191
760738414 474094048
412094338 712601798
867067473 219762174
207209937 396085498
196805672 514272742
34965666 455583997
210500117 117053154
338805703 599807752
146056532 538586166
682564184 557410129
668664942 947106010
784172009 833856667
783383076 770540485
507762339 892384153
53765309 183876522
362463338 481638523
55879998 918449940
900912710 720479263
781965289 434892585
830127046 516266483
629638359 838537841
202939753 447248764
808773287 943199071
633226773 849906749
680762350 88514870
942407122 521641376
662682581 983746139
562535959 371158096
267290856 713960213
228525968 193521972
975800930 557098549
366716986 194718908
679003588 674784770
150707649 731988204
302963624 833697382
761259495 437005576
654890402 255491548
612850660 857291113
581513714 48231753
310149806 44719438
220077583 275053282
57304592 76952095
133328751 718942711
182466539 337877280
961057385 524328293
51085589 401661067
777684872 987404178
59787980 187308278
700349350 618261027
261170072 653435928
219258617 576298838
405017187 590997029
189702245 931299983
908205278 130416718
326013168 189361053
138551494 235293384
630202792 726185010
301054133 535538480
460297900 284799056
125004312 163541517
818035790 337224245
865208013 203502318
414626388 875905054
408970693 738599698
397946880 935797708
937951612 305016027
440253280 484105328
453161637 816639170
455119911 529084196
504903362 976928277
631119228 647699683
62572954 751478518
693463847 211317198
289417825 365499154
49966504 926835713
499022622 23267954
791125001 713341451
558086171 92171517
302689741 427630075
962564759 155135266
64772723 537338320
25967694 742536321
300677205 93116289
149963624 913657852
960952684 585686165
765317259 816006665
715215187 635896024
11310998 772116806
31820229 378632820
714443940 96345059
545890052 841114969
524718997 891849882
830640088 548971341
817434824 77581736
40179301 938572170
134892743 487384877
539989502 511328301
315048540 699506809
256580948 656412401
800000291 262503057
843185945 998903696
140540113 72619734
832054340 949072613
613334414 427989895
749271527 996065831
93823628 594685111
201398518 900216847
359043064 71889982
146083586 288297767
905732963 860131521
672511497 331323560
747137917 7985143
401821690 366236223
843595638 678561446
518746722 963788754
572823947 778350825
426378758 20973664
882005673 112292315
404881142 413779899
101218015 913023720
486556121 800488509
96930385 161448207
775957178 502101983
729831357 131256986
403950659 989729832
985097746 488969861
25606519 410961351
388915972 562416274
360522785 970226074
8002922 752470003
994090377 852740246
465562441 669616411
957071222 269744640
835134732 295523433
407980781 807452458
990553526 452540496
28114692 155273631
926435432 62476558
779157394 653890468
456434666 985598646
836702476 940306925
722166278 129762054
742055989 64247815
477738956 934171336
397393769 698793359
719910216 69583990
868672407 130543348
710026167 373577047
741740506 689670992
471095629 200902726
252662840 696505680
378030953 166765193
706923806 197404039
635009955 413908467
677482198 353897410
562704088 334994869
801278139 531622643
748913972 979489342
695144735 332941730
453550068 391828420
931598463 519060183
234366521 161995134
595859793 453213537
570360103 746059454
798372325 6022464
183291215 106688263
952036427 715256308
72381276 823611446
316825349 236071038
566582846 624572226
124784974 856555268
545302249 267827570
863211088 393144543
357781248 752212824
467123217 415767836
272367900 33117026
697912895 938964592
496965632 512953494
762238257 231016295
32928448 225001259
49085123 299038241
222927257 711936708
588153530 903835792
187700164 570515720
909783151 123642832
388981515 540838607
708124518 785655796
689682382 94790624
762131889 993988585
406499958 406984160
807906721 79603029
693199325 954306590
288844095 756119487
553197303 354020313
216759383 537037013
284961132 590815994
495029258 5403937
223619683 32993770
397997983 344613293
764134913 23819146
350108145 125275612
827438229 588944666
886300492 430136719
158766372 722680861
578201715 488811148
743635392 336013636
417797682 314027965
783722543 600287305
920112925 318104089
192153445 543029685
653646136 796639380
884281035 443223778
397983991 718286327
812242750 953159026
622852993 112417591
847417292 642232923
939637008 909492673
173322456 200478038
907914384 735359804
201533195 348628148
816702849 915092526
401302244 353143844
390928289 365434863
606428997 457816445
193420243 95249501
345930329 729897164
535654921 31737960
479839218 871241457
295303339 692199397
761300466 893068956
133976731 391354724
644147952 124255322
854060947 110265022
777829447 72949602
652251827 35697824
59914585 810010056
860334770 926456369
990184587 560513249
747718472 587512898
823291470 549926537
794853570 106373389
697490680 788576349
655767803 469157722
608205282 676477965
536516125 434913628
185049286 559038235
30700060 665069877
30269066 531826823
188701742 977674756
762983553 679272958
236910956 623608223
667839858 217468415
184445385 20676568
436295530 262738832
656911007 323311476
913498381 402217030
600067220 606208363
917908998 826940075
189072301 202040378
300437022 133337513
187387604 76522414
478994988 918117906
704981858 593903656
551593526 719471138
558746830 656266586
905700095 974601568
643133354 259036104
572792143 37435787
713395784 871839348
728965737 759047855
287297553 164672884
64285283 28872703
736561807 436072212
216801907 373214010
125177279 554088721
433941722 792604367
30825025 912910311
496417707 109074157
379354401 963015191
270487241 781914138
165858816 532099519
736410355 315341827
417438914 249169049
938054796 6649747
394730777 819426548
368028821 888492449
519243095 854095077
462381031 569053111
886178005 175916011
931885185 231190733
418403579 184212302
855378258 809657477
294230955 432821602
995454498 437924696
375981234 181641771
191542942 662507798
752908502 470135095
954236954 513701386
493995650 298902539
684563655 939545812
518544250 994143501
609930037 371349390
454908756 748799366
257345251 623155732
803187358 922195659
641413830 145789909
477235525 127681788
48111853 539808042
915579333 958798756
813263874 86282604
820197419 25576673
895024491 921430744
806795258 417155478
107744296 775397569
971819013 926491025
600599384 196516223
694310618 674603603
574271105 437955893
532134277 846443416
878848726 875637707
510667845 223260557
47345376 595096791
623417874 910955300
704547667 226771174
865212864 702036484
476521600 700945986
762293100 271912845
905033370 855714478
612956899 553405707
11902253 332731342
616373467 650188498
261923368 789358396
103747736 978229314
59831921 282295300
432500810 381605662
797318954 174813963
221582899 716842370
675878502 764223501
630983824 209528066
973152631 130778047
12573191 141400058
959944570 875414292
408809342 160903741
734671298 205061688
263651070 62115392
745989384 861271577
426511945 514655833
834511335 586275974
16264211 648116737
656212146 560071408
136577266 576921864
159584955 936061589
507684023 657640815
145464049 10334792
544762215 317484680
922584066 326725692
150857177 353816765
305018031 216227545
82208444 220391061
993026214 448260743
738369137 748085634
681264553 160414437
363171716 997653846
372586804 561016714
982053490 156479597
451478483 428164504
409677825 811028972
197723192 782168194
351797430 905266628
672643564 145071493
706328957 919421642
682934229 194781180
274477684 582941715
861958292 586859493
878742432 586417602
160975211 759780855
927768564 259457893
369905640 32657498
995779682 328669793
284283836 401239896
282260930 268395941
448427809 204657316
183039976 704191722
705289251 632119137
950937494 41614267
347848791 924913764
619559405 634234942
495883289 132983159
432225584 617860680
811093182 425057917
448456036 136519149
588057051 76634969
79425662 460995467
149477137 213580194
451393830 24385080
275273323 824934295
899628026 844380237
698401582 843595060
923213942 367287768
201936776 550623695
50997473 37176585
80489446 665652574
971293294 114212908
795140956 69379201
710754796 925207432
576143195 540355586
501140163 670022178
407881365 997854325
623641541 74941962
925275704 556946104
113897819 370326401
477286626 573094437
940870602 970353697
31326161 688249918
296321908 352728660
777162930 855182907
842971429 149191105
969722440 773669582
611799496 95176864
380550216 177052318
282615481 535621224
912268200 412858292
854764333 746837261
837437267 166715756
577385209 773143832
473435728 560281411
180624033 194077812
400474557 636044325
375495854 89176373
321194490 422761559
458590780 704062058
143806310 788030468
511453941 726759694
315418243 524170420
971538218 587177331
92518540 981572007
272369632 131736664
929435994 266806742
626032919 574167712
122724829 731588072
522207209 690605163
356529875 650202753
254755299 893662309
880057517 614106232
269543753 490676736
519354232 80016755
910672500 924376723
102775625 220214221
775373581 620095648
238119395 221473624
602815598 540871881
420659973 226790882
352156311 715279924
253610631 581403295
581446212 352318548
684276749 124221479
987301077 202704091
118112867 299007119
619839723 943409812
528878812 459668276
416325981 586768231
864125007 524430008
497489710 776159791
352337702 555049621
290394352 344894655
185408561 554176160
967681426 868121225
915326839 396096563
990134756 456691494
186670901 66934094
388054489 862956272
900882387 512531343
210492736 233604505
485794085 350503051
376567189 283789941
863081853 94177465
929378052 513792042
749437572 455831992
257602175 21186731
514209229 886200613
512071770 539185018
566926417 649486494
542842677 210037049
953675100 780479468
925778891 951403971
536340859 310994326
496251066 611686950
982182072 210087848
100163410 155055243
398740967 514941121
21225296 218471901
715945347 488581937
32604089 952014452
181501203 863705629
570096273 794103850
791160215 918965912
655666256 932931906
143118957 407430794
658004090 281590359
407511804 582911282
677621165 641011927
421872468 118253567
58320459 358129808
68767333 214567542
860463076 548898243
788818986 438284747
15913674 74426668
180080410 513117750
868254065 815021588
352459390 308617859
485249461 766740999
592318011 715504863
158505802 386130788
241988126 947681194
464354355 629221314
751338824 710171336
237037262 129222107
809887347 741894126
141375693 909224109
523886169 648343139
701944283 578490267
741227932 359895583
401157290 856194654
353765880 924198902
987569417 862876291
592671460 361778229
541977895 65494519
857447647 974457635
904964478 536140483
79958106 608049532
848914425 139706235
117189537 942236507
439208005 560514161
364467606 310386488
232596002 660070757
633098894 37713862
474152508 733574560
21695038 433579512
634309888 814760125
514324434 523059483
139815910 107865487
169310511 12883411
663572967 828855091
530830697 185138826
249846842 506300432
18829783 260488444
964482465 694684666
96186174 338089157
25449683 906692976
595817737 626708151
309015194 300348429
782078336 753756802
483664124 243951986
290012280 659913627
660857719 787131789
7448797 184391959
95738913 624208741
650155879 684114953
132725301 213860469
156359587 907631148
624711586 362069155
505195836 965693437
791124210 278678889
981796665 983962099
609933752 298765934
225603529 128849926
438846695 499629841
190685190 443864131
813641137 229365804
56880853 499770338
912159510 261968432
93105959 388795208
458473546 986837943
67928410 779921851
781388784 362113962
925190984 274185379
382342855 159987063
199683938 833090843
429926359 837703093
519248308 633564210
641892497 853467389
413386561 782062770
20976668 374892484
292894210 963408393
299914582 675279939
321127694 74660702
149755251 652204814
397103966 596492479
711792260 524980108
28623506 367960164
305905682 986197633
575067705 46632562
477813691 987009527
345595985 93945469
929936086 164424103
706339180 777797838
447089456 985941616
825280928 402088691
820894595 512807837
238254337 436216979
265661239 757541392
16031028 328818470
664055379 735501106
939017147 746043718
885496501 812283228
982878030 694154270
353470773 92185692
705875709 486865546
567181544 209530266
825201455 746940439
901865497 333010667
474919486 497134388
873617786 449475672
135134113 469820464
395179642 617885942
266177652 673375424
533040681 935575826
451044584 377018668
770645017 80397697
105945555 702422901
658088384 590121779
374571613 142298570
972594144 46486379
893409822 128927081
749715027 354842417
804000259 753065624
296207899 98891418
758265286 277921737
176954543 574573355
986774701 91932632
953836670 710078284
122888480 255637253
85807195 6839695
208833527 444566199
74429090 321499085
818095405 695165893
111563597 963587131
398451895 537677148
614986767 664991583
931789831 311333715
758261555 684233824
696354893 946988914
904620894 157205516
819606780 711495936
175173925 548253674
851340434 280247779
387413004 614045281
203797518 897351762
460374123 295155249
683984561 335748744
213457623 767181123
767693440 537521144
689452376 749896505
814325714 464053926
616114486 138440591
190466576 899479204
856360830 926259589
547244309 799398165
484334256 460831286
239882674 809801513
332738011 159544244
108405130 956419986
559668070 882028463
999119584 261362287
476779020 446655453
599870715 566220638
562237664 861736498
482709933 298554497
273482183 685453615
48160057 181536250
596257753 931589261
212929398 434743594
200263137 15822783
618594848 912314716
652953921 714882924
356194241 538257047
340077864 176550153
877830012 291585505
378756143 348814387
477311158 771547409
463470549 183896005
86101283 741972041
610371931 772966686
562971277 52349228
290421805 358040098
382105312 68598175
555189421 573333247
332220269 560160854
283946093 962660273
403504376 772836390
500201018 125428136
490445888 26303191
132705165 2707283
757242731 974044980
670841253 687229796
125284420 578662985
225469686 574167124
384718899 936743346
44370137 643896735
622371336 269565365
199660139 451472161
254344994 956917369
379309891 182556690
524183209 341280369
661053668 236609219
349270597 907786798
781397926 44593268
775533522 609677195
531254343 259060526
343673674 274717870
294039977 634663450
740572781 31186692
297741202 326408421
875977968 588718790
707589001 614786476
63341028 685053323
610380230 692287023
885603467 964751588
864619719 253942169
320563407 971810292
667902775 705019180
909986726 392931916
639992647 629866060
8273009 809099239
157200719 612385565
888732082 374579251
774189647 91943265
297876554 792187347
900742944 550611182
128339603 997267023
515243933 211015212
865779646 560251351
547201349 99588617
107867625 212348625
563917369 616292815
64990153 893874259
56711729 685703326
459525571 73706639
488824717 567174298
984641206 925058692
549681268 307681237
256341286 85751252
953177798 741005410
583388432 841389444
524830101 45480211
833596877 891109358
511675854 721240662
217513118 577326243
111186089 488715518
23604478 805244316
746615526 89073857
578490256 840793861
379358822 279267722
852574994 882995488
856762260 443443670
893571750 557543583
434191481 657195851
603342164 693176167
663322701 373922472
329854756 96336313
246909992 791705832
434539021 603477444
309750377 422956095
846929537 770648451
285967591 541011959
434977912 503118544
672649503 737330969
162850442 694807927
224640141 516820206
733010005 419459894
536100889 819105144
842816741 873042515
694450678 20814411
477475513 565926698
169567384 424822208
206789292 756438256
727221942 325093489
462951392 424743635
575526509 717481758
452231839 76069316
816769861 860940117
743683773 529767163
838722607 386406259
966797422 503060817
7527768 520960977
953921984 427988264
651568371 750851805
980779763 92843177
332894315 433230692
483736626 737015375
776107891 123317634
753485878 172095651
586035755 395371398
338601566 925475917
999516118 662296516
485556809 511260586
322229904 910981415
202211022 424593845
884039545 24925722
809449074 887154434
700592618 781422511
857704223 949628466
482178672 420602351
691433618 231524636
87324819 435461219
910099493 235670734
204913164 262024763
199702471 71788434
820971219 992029226
531637672 543143013
355968541 31320035
411570137 919678153
823699666 537273313
797329981 766648746
63234990 325350206
611592892 754247908
940168503 427794141
552537846 531301318
184961876 715649520
297393759 644594167
370664009 937989615
171019793 265917449
279124186 359327274
915106647 192083260
516257922 502809558
851242841 854568435
628634958 122503909
955017549 983341271
168544022 115995467
738193685 343635066
993959868 510518941
609443113 947733426
50180754 605065794
964409100 790741935
656779485 370022256
591863597 980625030
759997626 802380024
707495447 102164783
658661265 331264086
545244363 552317915
320675062 1971180
984754205 684385545
991828124 755425230
677485572 783044496
917219352 916053687
235309410 109285586
94081329 76552831
515989396 230957662
707197440 59116988
246432875 696224814
521836452 45691097
49628173 699161144
731664588 41694859
91074913 864624941
579753559 73427132
235409464 252841888
817623413 114023077
885169899 952689050
979572335 233125775
579407649 348319932
191827476 330849805
712250395 954211649
617648648 477481413
299008278 110314676
189776176 18923821
62017583 949577635
83657146 750886632
994813520 442585590
237217431 370052524
259849266 649767462
565447914 638035671
25045011 765573498
327035165 92110379
177891481 291187539
154509866 810105354
592131532 443192262
210480476 551994250
890669917 19910790
932977153 62882177
733575455 281098973
401224522 157603986
683097938 470626079
421711280 198592807
420762340 750005921
222831302 253624246
194556789 929918655
197770112 755988752
874437598 119177355
324160111 40672182
177131891 299636360
95506894 226563595
355719353 292639923
356588800 613259015
335312979 379456474
816009277 55155902
928987470 923852176
54395612 622521764
964330329 384480772
253853947 14729360
888040835 605199924
26927344 405455476
53409840 925836596
878052622 917476061
478417943 981344378
382406109 163568422
849734977 72546182
646373259 999079042
259519669 542339695
722848091 546310499
552217854 346460784
109010358 371275790
449732216 816825333
236615623 959980768
252879418 153738534
435454930 301698803
532539672 261592753
52136098 704489470
380126732 983030346
381424333 172878153
349394375 299452350
243167955 120296691
623829942 684984986
142628259 770186073
23077808 752912485
647835072 814860482
580577582 442421862
615615148 200279246
292829620 754675163
725660521 378072193
618082071 347262562
933920728 22286506
168739503 956947621
812689510 886130313
218953772 568203772
417616113 656588451
107082394 996266656
65509371 256555434
60095322 111820822
605360499 374576719
140793230 813341280
460065987 257879885
865743939 978511220
231308258 869757074
120326159 530337264
707184183 908157219
410633803 880149883
900608883 682085913
699475018 961518660
570527056 583509737
649212634 729627149
240850154 23303519
881724160 536831119
86702664 205466579
440440116 113577760
742594747 298597789
443535188 361783536
411103922 725567585
584330089 486004995
504893453 818165173
684370398 723297566
938217346 217738768
434492420 356891983
952847886 754755664
20441650 683380958
408538423 238126477
302972537 926076608
147952115 141173189
871821526 527000220
643104591 744504852
635762478 223346200
289008711 806011786
802547547 419619924
218883872 268487707
46423876 338867194
574181823 427516368
553163071 227003940
377544196 438165228
79623503 410671125
14351756 504856424
105095503 982939096
121062870 541988565
15920633 287128474
548083210 819433554
989482790 99527452
778551692 796941696
97046986 369470920
65918429 481112944
863855527 905483926
107150251 546666136
131434454 814841606
671277249 154148469
765900244 543117400
132903754 520796084
260450434 378561663
651082827 960164610
434787681 81915343
558320355 512667785
328754459 939738741
996595577 100200003
846285969 758357293
403812276 699638828
130476905 201816072
910583534 388276798
690444670 948913499
44152794 569418083
13050244 478649101
76400945 675406864
706074225 499703090
655699986 538906110
776859385 720540747
371994963 638050456
484600179 841327938
617370929 801026348
417288432 961509857
860280481 617416518
830284995 966803672
491541917 888298928
732827402 632466012
508830760 167504719
544374775 604765157
536457892 877309026
577879048 617915689
103817976 719055069
456086721 767916252
732999039 971235559
115698204 687871295
590220042 441010512
300261173 224980814
101119051 670832945
649677626 790938530
831511146 790959268
328499240 120024166
573515503 491723990
90676357 855598724
464626265 653055990
970209483 584434546
875169600 679061729
509546556 309047640
157177515 705039576
336773711 678995474
438131182 975213017
872047678 663087861
601116040 836633929
112701475 236403263
905988119 923011905
408149157 667049954
546294600 323082916
907536930 853148539
879557275 471754512
20734020 826141787
74379827 722592547
226994174 588488818
421429619 774772485
594964466 198473668
586422630 245004425
300638809 297171029
281595511 399844104
739388122 361248717
919733933 82041389
119365814 615586607
463097247 651098633
656570542 705824261
702311281 900117644
580848900 434154838
551068730 798080208
620743413 739666858
684540685 311482122
717696097 479291219
877320400 25679559
871306548 413827358
839244732 365012478
643650456 940942874
199736519 574031772
154097625 266935827
549655408 348611637
228528432 196448601
273185617 723324927
843617197 956926262
247201568 511735892
188695723 842773752
313608555 850450362
264305079 508083836
86327268 455379063
872938793 515232769
732928120 737987394
479618778 254815255
703087582 203343960
106081871 332209102
68433251 103850483
879109284 294989388
349667480 800555323
494205116 734453676
244543235 702827320
797793200 86527840
338453927 571653952
506772262 536819171
755759469 826473622
349951737 844869050
824204870 459091898
102531578 678240512
925634669 587594039
215906170 825627275
596752443 748938244
342292713 746048967
491102692 893506410
529699044 759762806
769970862 82705061
497977581 292991367
874522348 499004432
163623706 436987480
952414934 17191300
436239606 89720530
385189890 301123833
123648116 73316524
495739682 884889048
887392704 904841651
57042892 997997258
49472434 913515715
440083301 910015238
128770375 333296387
548871292 497473796
303549453 243717253
221101262 776083897
568039976 496585545
828386088 531714640
907289659 967734108
750507806 162251108
829667977 844793026
655573981 626650720
829790180 948756137
404151992 549895399
903391539 910735043
400411156 43318381
214074638 935657896
528840291 954400565
477883509 686720412
966340785 439951013
828918160 954448881
242742668 905378928
653345741 376422925
526834858 965506885
609134958 987741500
522161775 532450941
320194930 451460192
273949753 274727231
452527288 963547004
976228242 548922634
27847688 135777941
195179056 771416717
272703573 285614413
56086922 50423750
603899782 657295302
262944285 232711586
382831383 85504972
324091223 463925598
37574519 747087684
508100630 548410623
246049233 772744160
631991533 42941029
117746048 76678370
396026847 435984948
446867466 769010548
655123552 380460107
213636077 117189274
336299449 680126753
318935366 907410304
437102108 621858448
670027906 608012422
820396518 385935805
992665066 844867229
407006137 458812687
558273002 540710441
952249066 550480765
476924226 554115303
847435159 424997762
289031185 215470506
664453512 846592234
249547816 982399258
793275034 251542731
755851204 18674874
596195992 208479154
463117935 456184272
324111930 594843121
367642992 219362489
36018662 164040051
754935714 570874969
705439368 778733900
182427851 727393985
596860049 466273781
312398214 332570998
548071744 252704842
831038641 612387737
713855257 919491864
291703230 125701154
823717403 852009804
450512638 93949716
95868029 579908873
138376737 192261963
744136447 205620532
667115883 145849107
969171051 637100565
535156536 710548614
166101341 661729037
381832316 536031758
287355555 346386999
682059438 289362867
255653049 486587275
901956825 118434510
143028388 414067386
49399289 446294354
832598289 915275665
327648167 575011632
310986687 332567284
2275320 36337083
844134923 133130774
30163319 104240904
10143958 21978425
735310794 315333464
49549280 872136319
620917471 775553562
156448676 665104760
638114305 42917977
438030969 253046779
21498053 891558607
53566972 917127118
364595335 220172505
790447651 214094975
486599492 217214595
930729074 154499878
725913577 622890796
772628555 966734090
823892926 33145103
97171025 714886592
281785235 178746443
561806286 878838166
869975128 512079246
952305983 310624531
991111541 868338438
513272569 265400496
495730842 421059441
279168542 870478414
590421057 967881999
888343090 107217051
255881266 504940701
312945887 133037441
465766574 690423786
463600405 229426995
129714603 360050322
611106424 575879183
812141083 445572299
139737303 787813874
311631025 1209827
228675944 915513163
87193889 290083724
256856811 713606237
899955204 563126268
683042330 692530503
599658510 745547820
541525932 870282607
373970761 360500714
879563393 179669761
493848209 357511892
185311349 83174444
795658174 567277599
155585985 687328854
391460029 250518661
664256553 868583673
739275101 733830215
704543694 216032017
621328618 133002981
808763913 940770528
797656804 295291256
621315705 778016037
649666770 71468179
803329939 799153303
878017092 97815986
991385321 354656212
495050224 865120239
523555381 887162228
739817377 262048707
659892836 781143635
424681888 952053842
499718798 656388154
354131343 860797721
164652754 135500412
42643934 920799149
192570616 65622062
519930047 435428321
926390157 916742518
271186368 870647226
241357883 38723802
651327497 418422904
87369103 834217889
523654987 198393612
922108894 508137372
369989758 377137876
292206564 449392539
252960162 87779937
844647751 315887678
878041463 710195359
244553724 551148415
916107988 503059009
746045737 157730607
878623420 28003997
354315132 735407419
286923074 590474934
943650016 321207609
852445621 159959616
115719760 121299619
860944206 755487771
302944476 377869421
414873386 430576209
274729962 392053389
404669094 134040907
631616837 988828202
831219274 929261175
826330377 316233271
686467732 118761171
461523934 957927326
816637261 824807972
906721295 368057897
853946358 318322031
679396928 287981038
765214007 869642505
562040440 949248171
38271502 441103735
482396004 519492332
753118335 960011180
831901383 588370142
773402091 588608372
747505662 748358930
535627764 137749298
186940097 652377661
891836502 200080964
346902058 19597738
690091368 373524847
722118414 395462958
788167369 637399838
472776222 708406525
459758952 898406645
571325323 6685265
405385635 797639818
256561117 856389041
858053254 757675280
833374946 690016312
406162343 136834796
170385915 797696348
961477918 833893748
992957810 12199466
141523698 88456848
101087922 780506602
76293488 365985024
192869458 268935631
112937314 121336886
613107512 827538940
889341225 37391857
825360487 516485382
615260358 735170060
526744545 318706048
797430199 926482464
870162219 734315344
28801290 13660669
569736143 162361846
335817714 162130970
313055189 605862259
482537520 105070752
651730585 639490875
846885844 865762378
783970326 250255898
381124226 184532764
417605604 656023384
966799398 164016110
393799756 259857811
138169850 825868619
633478093 932366035
933642360 276002621
584332787 289310738
596888287 790054071
357288244 239208524
807026578 567651858
277276427 670071102
472208355 923569263
948131846 444516399
167814056 349002819
101179304 630443226
834093287 436975873
369928583 945158582
955102627 800644523
589575486 320825838
368873801 774526911
771401464 780983890
141193905 827572916
464771622 764119266
769466295 672895911
511621599 580478188
352344821 486627437
325082780 839674165
815992075 499075814
478119930 907470515
378926272 536681036
6271233 28655250
442886646 885668796
604817202 793025778
648181446 42849832
792645565 497809308
995790967 167526560
213213790 331055205
108020193 24577081
801020214 258453739
171490152 376460542
357351351 412507755
902391865 298874750
333183082 688761446
908038972 815916242
544816672 924863564
68134450 355079105
780730085 470080400
360418971 215288137
766416487 291248319
219368703 291391858
529218348 764915248
399470768 860633673
759541040 96812455
36852022 310934342
549939251 558980275
578220426 466353059
190691386 992784706
906263575 938727475
7103087 333938405
406654887 51832986
243445798 90102969
622216698 263000637
414883804 835398315
428921387 895114349
179803774 789213861
328908048 307257137
622282354 524653123
333374960 500218001
40834618 196804630
554070795 358161503
432949251 217820792
906673763 90282292
754127668 713796822
428881698 931773078
731822615 437522601
785988508 974793589
141678859 647452804
155456266 934737835
933652916 647959176
8441728 505808899
279232036 667755486
164109147 196728100
153283834 924050710
182945134 843282284
330079563 252611417
283419919 912775849
828785413 982941144
807736856 330840952
734624188 268934183
984311327 864401274
183746303 916809286
823168523 872119255
694162327 472655593
973740389 415877222
632646903 501158602
591124074 741872864
473466644 838579437
478265372 546124191
991584102 467680199
57074517 280743052
897832224 994299540
379010388 799596656
395217078 859000086
957275033 838075012
706337174 967368924
28144695 613904009
862710362 260399471
110616979 949964142
922131326 467204341
708094772 68400681
983903157 512912957
657718034 722769376
974051065 775272382
828053345 818845232
730947612 729951468
86770826 599437474
725854892 991107392
163884571 301925298
774790854 367070859
754523687 869078758
265505040 356614371
521046818 431698841
842174972 602185410
28224977 604980333
322351693 993707978
885908376 659539338
139426016 304326164
723483956 725411370
517347269 2422446
588334745 568758681
450140437 474886727
529463714 66868883
350954627 691898653
848181600 393853520
743235301 990995210
27368623 661000856
791560364 795186812
295927270 532432299
245747848 212733685
542530366 311665410
190294953 143790577
766872291 62858007
730954350 380231019
472722582 613562329
343494596 20356595
632706233 682931801
826750950 344885601
203649129 456852468
840455017 640594335
744943043 557342930
571191465 725889748
871680408 54127836
793224866 267163255
168538853 231556271
286855991 840088387
183660673 234879901
920337308 368037778
137877795 493761795
226105121 215570184
276079538 139853895
16839063 198932584
203781422 169032196
85650570 882987978
972521625 755789639
202160850 162250716
722251008 554849892
233262824 473004688
77216526 826208403
313072048 786487177
588777074 801343483
495747306 805028986
301500915 403038733
146099986 599596326
331505254 777149
360121503 397185196
584718911 79369611
931701161 193391677
158040341 214436277
505731290 514987815
224216846 201365834
815570354 783162018
852710539 955119858
320390852 746688425
6693829 643534206
218384333 349996335
557190992 570437379
992152764 243095636
510681346 539388837
302691520 675607661
570187640 699352366
460044308 454941872
83090378 697800469
954203218 483866839
284566250 181581858
100434421 667848500
952465003 192729919
283867459 638945002
501025776 449593517
284761527 117725793
485854120 513869911
637554876 530293580
644077961 484241586
903131299 742115372
981303950 901967431
596187073 488640695
725832515 276202035
332261631 93370701
272674386 165080632
355375287 776986571
177324687 603639467
315731632 111382975
300573902 276785743
843355856 44158249
16092298 72827575
237633291 813802687
17884853 106374125
833463927 89699607
156489965 672766344
541086858 609613618
748121981 496196447
458287145 935227494
645984161 60826885
28786754 693410505
442680660 307942246
560429339 85380099
516257660 375048542
909617308 740993282
371369232 564159635
516572121 541974023
247967113 418763519
896646916 603456384
676826474 711818997
40808980 534482281
200996004 787720145
789779152 797287983
385343534 328538460
110362678 227863831
736167968 781492393
799831999 288985495
944415813 786848969
48916929 93631869
159076655 101103749
635045709 24572636
2093885 589902646
950317880 108810692
334849536 674877784
656511885 434586739
374520236 559874482
143298206 521732309
395602645 304857541
489822386 716185456
885634954 658255750
160973688 733738228
317651102 842362531
538883636 490527366
886664368 312610466
910662289 268943952
517825002 909553804
629814693 811234760
949989246 313694408
226540633 72641106
992910519 822882697
803896592 304339779
196154943 140429143
764134330 621535312
5129658 460583515
437336430 400970338
197197427 843460723
190062823 112888695
725380022 512802597
473774639 50504669
267345123 201349222
424890212 849197317
846105636 646081312
748758413 465796101
318720507 880457806
983445204 3672249
604692872 133430084
689862027 265506261
488797684 733607709
902223734 3554067
106523912 919237330
236981855 89710448
988718849 936354968
465271492 226118922
892411953 860762224
26906210 977357680
372435380 115072475
576767535 604494440
796797743 265734702
557615518 138188078
904489591 74739830
285190697 502731260
29206937 158923681
199644597 331002002
78821373 925811197
870686600 225779190
888703086 428309806
123180202 165645815
910591180 413046785
705088767 675525404
233685577 848089254
165524636 523897216
476693365 581943230
82549913 183093146
533667441 774095270
720410673 562356493
434034114 949031132
483972561 156726960
713650886 210652382
752749983 530445511
652895670 173118842
603807274 828169445
684174267 225226479
698978541 392562665
228137805 218637505
29895139 315666152
755736725 435495291
198470745 859762206
50350213 285657219
12194297 373505487
594432784 329923567
507784668 143865542
17331760 253315349
174780105 481759125
656600652 638447378
892017783 943667516
203258261 727388617
698724020 327289678
690096793 644575810
686135134 482592564
918130996 61782101
243265611 568363871
567506195 482365197
645928331 809251126
935701652 473500083
834741080 570881700
763112608 952384610
266327477 852419932
290795125 19437207
133828020 239588331
294132916 363774728
10712478 531440942
115492432 612391338
298278905 403189348
148458338 37389676
291267169 682419527
702624751 344693061
513795499 660244123
600531029 572595358
51513552 588232170
842614508 137188798
51700669 921191472
620015600 352022158
923050897 265547075
924942882 584750893
178265734 853360147
733065666 366731474
603454425 433659594
820168629 612037772
672161808 376034821
715263353 577977140
51158110 875191914
883552078 495730379
429617013 512923336
578250169 666102055
155105652 599765199
563165052 123230923
159469154 262460478
355101839 885049730
965627283 573724709
544128334 593182825
366715667 998594053
363586541 321216210
802290307 96400490
212363912 317036070
743077495 862680994
360123994 261685064
208878565 45827386
610844309 324824295
807973904 334901222
935143377 554547804
233467814 48382745
168068949 471752393
70931760 149833350
623219934 671890779
234892406 386669346
74504327 354232664
754392016 975386918
815672996 926653791
321879570 379881992
58749844 86875974
755960771 165539042
249625600 633211717
901081711 912487248
753837157 368338045
55797734 653489907
99374999 77133382
571364355 702488409
335478584 854054377
280086244 601544911
492904283 330793784
940351218 382716872
440088430 442056889
191976034 62931297
567299653 599831455
573553597 997606083
961887684 215243346
443228413 161487375
645478972 872136006
79268339 523148809
422556985 273123701
253362689 651228301
723469431 749149523
