381
288799204 543563123
934533557 838029353
172839120 187843201
299121487 334513792
277396323 494804568
233280991 389585463
152852928 331729462
510069001 532634279
870497783 90866053
82598258 348307929
837552544 818541353
141436786 727940963
761133179 213350520
392344942 355638509
3469370 16468650
274663720 516247519
115683513 729269116
488100788 140877851
815776871 172437724
45004949 178608574
786406012 83514083
335303936 762691248
358881334 824286041
919732645 925884436
768463015 592305603
720495405 318936436
154307173 387734360
387298224 794646484
262344628 691605038
260770363 365375960
212111358 724831059
48976571 660068203
395561253 98192986
956515570 744210236
398630993 641249793
929957185 283195059
489381074 366382988
33801006 707167293
391124550 974575569
948043113 324661543
500538766 691215939
676238695 681743794
767568910 25436722
117337955 138931235
963697624 863990849
457695051 408632399
150372426 111395579
365286224 728169453
494310753 410232472
860680798 769810212
370805277 826687408
540236424 379902881
686421348 474339376
6668857 726886640
278868363 734673253
751405495 715510577
224558251 449674149
479601996 441720851
184689185 10881521
652992265 852040311
978348725 812647858
980982355 640440090
241825299 651378837
895411688 637763231
969271657 167391211
376940548 36899533
781834537 922615266
678878102 238770888
781605229 924126855
811226596 238582520
871548960 96821825
50397167 673711616
848357108 503231160
206702452 973465458
643371625 764692239
893967450 464361838
734408780 203614619
11978836 602428904
847615663 277858248
723350981 886895056
101765000 306173599
771201889 893531732
910577010 960975804
341434695 611432539
695584287 457660258
93921765 1760924
755239806 639929601
416392662 17356255
342217204 631210688
929773487 652258231
666940341 496745384
262562034 805310521
908128813 556631903
934342868 190232993
518646500 298726838
644080382 62656075
609370411 376649441
234040210 411037463
790603658 453860421
420942687 483293025
357915827 21285786
7276052 690802203
124849792 210831181
389165245 588745083
734684671 426817059
557202108 774778941
404015642 993032796
876595429 289961549
808735968 707887289
548139209 543805598
630713763 770345852
59484572 279028520
764821470 10382909
801782820 307118089
973883041 686997484
659433876 425335200
149241182 112583508
214227452 413503525
334315114 881891468
662438483 347752312
338825894 48579657
27178630 829356924
701615702 251504894
727501956 869778190
836147504 934788844
158909146 690585631
652087736 243108985
751680799 558226322
378865886 709751992
633335520 902789927
111828990 64445053
165234255 635390669
23030068 102111432
622608674 919474610
734567688 546760439
740027464 92902182
280799550 672217935
932927815 619752331
707517382 564832607
832102430 48136800
989214792 912852325
244069807 720393830
165632091 299010622
923487090 753654658
329205862 571259156
298138049 437467799
956800218 512803456
417948860 366042499
311223759 489464550
2114526 827636196
721759968 514997380
821740354 553756829
32551596 948377317
708453628 472430064
507487066 158942518
289735696 289261661
32835045 471249044
405624634 738600188
333742832 890135462
250993852 558163037
783436028 160853494
914241558 219567952
839453854 952827321
589661292 454876827
153959344 565355171
953986253 613568687
739273877 684103009
84011661 379156358
100989093 431847112
39316590 837736740
654389882 378638327
666182602 853854173
686290445 772641723
681712428 178845492
701073202 841707329
179391497 651800023
829674257 935088023
466189369 102553516
382538548 916069051
921294681 574025541
818224778 590106776
286289783 455399791
791981013 19934324
523037549 184297669
963222518 34688172
179749172 315836806
313169142 286119691
269886139 19913598
167901362 128565977
966653933 246248229
425309608 100067492
915767967 291923664
449719105 284413012
263282167 395371287
133356592 905208366
728880232 591806344
147154415 573880697
286328944 973641654
87605541 477298182
451330662 92096988
495757390 744671918
10904113 559644145
306544435 476948538
199083308 887435475
839318940 705512140
904057567 345144982
279274728 568727947
127256764 396278336
316456247 189760859
554081265 751352303
908153359 116037409
75621884 890746383
689458926 349522102
20356604 45686668
352781099 624499732
849834763 942509624
328715362 981458497
829677204 500579790
809146386 441343606
383005784 313857219
774316377 7532439
577952145 29000117
985889272 691562091
679139399 178126608
677523436 310857893
237204786 746830075
706627418 732032689
219228638 64637492
698777636 69273581
142040470 469686150
217599313 62709553
755635067 575786695
895555028 420581586
502540991 292554136
745643310 288295218
448692522 924783946
204044039 257857494
956396732 891012960
911445596 776272105
670840088 156816382
732256956 817651056
123009097 979407079
530326458 988804758
528809280 577834655
323671866 441457730
747350068 517620216
385946616 597005144
582113809 387564429
948270007 585102141
66657766 263358763
520995858 986287793
759060641 35038557
29097625 609871134
537776850 400348930
346336165 948034917
838896547 340842763
411162040 578924303
750631605 815716207
740729869 691480049
128166414 494331518
994866580 511967359
898587634 87148725
214392134 794802400
960755930 461264047
396631318 287107222
420155138 967368054
271861746 127321155
948078426 755871762
850716763 81148507
634893027 4515554
685620151 10583547
837020132 269255139
21840818 312543975
319355178 533150640
236549426 467438412
993353503 71466067
73866024 370758966
208920037 985529156
955970500 502078383
259415552 692038505
294547985 861751948
705648496 402707212
893167033 651611051
60695553 204959953
354033109 310056603
210690140 317323902
932547673 294490816
666968398 524579880
559951580 964628355
658649352 844330305
87367867 345836840
473474569 303019001
237683115 528083484
164099175 247958897
647362492 507944039
968098811 287718047
768439263 486069751
903521987 210665621
46340018 318715687
119054510 784583149
17013534 639703179
988243545 972566687
443205537 459333699
768729608 95466705
155929170 305770958
85651432 559550024
263408217 969762528
510015691 164977246
938622872 581846480
882689932 69871857
711057160 14443256
923718014 680466662
908582809 286347094
396596389 175506899
598978422 689725200
216509540 689115739
372532334 385614217
283341484 525921718
902019113 978034574
180334333 552360027
47537358 150677486
434088805 315620273
124586870 22527285
648194164 639820692
841161851 982178308
562299661 886982754
48631830 758333836
357650839 44011731
656795445 849824488
29853212 731731689
315539474 585140431
260822593 485313873
39499002 975527895
737205243 773353784
168309395 633629034
855260719 339405678
690446860 63232976
624175808 617201459
460531043 106190738
961712970 832448630
587985662 790001493
445533962 554600543
369631183 555149484
169098444 29688466
349093637 381043298
690356782 972193505
143497986 383036389
400632897 298463525
493513056 169062807
188892863 977513225
149654344 921410009
833742682 611794274
96141482 698701369
843161144 795069028
432821503 459797327
144261779 656970788
965965475 397288713
452308018 550909534
891943580 790300876
921974538 42845290
685129295 431496923
649911848 109979921
626786106 354185574
657578636 17555771
432198830 63454813
778091732 542737420
104250757 487144663
517187195 619691842
367078158 21176914
1022447 65319044
19676166 822865352
431657380 761818104
378261739 878589466
386327697 113128819
906403624 911089232
484405635 142592650
897975722 234720816
889992067 356818646
298897472 138159327
762859645 741346444
860278250 173110660
