50
402590523 159977995
986224855 20618104
271848640 486741342
197362269 839568701
909665376 833739567
835479229 140249853
793794313 663754416
404346512 613840831
274319947 866772016
466215905 891673754
132300398 970836259
550235942 210919792
177379214 665276722
42652258 509474639
329491080 922578273
300536587 764170388
980867366 378172403
208617289 274550693
611717151 432277590
11965431 915188633
798906272 695696539
817153489 108362798
455118091 456812854
693458831 110418397
712466908 18302145
598411534 289797597
302460744 211323293
522344515 694340623
337316421 496277072
693486387 496999302
421821900 574576000
314994571 787452930
322882214 815559487
123250546 980855652
73367462 715485929
52920677 448606316
416925580 747423054
76273815 124130384
12634916 941146704
319008934 226493498
296215475 367077995
361622551 337850485
989769329 855842792
183023027 749066880
567866662 863643649
719177118 499411253
927399094 848634604
366629414 644617946
831965413 400136441
507100935 364056725
