48
879936641 887546354
590600922 981775087
122155125 546574550
414923386 246894207
39987694 348520856
431074380 932281157
410099020 246402192
221984153 80889346
701349998 183968200
564118196 338039187
267497815 38268669
82114194 568233919
602545714 427421625
536403119 386833906
293136197 962506107
952959245 968147452
263717050 736540964
264033128 245010118
92092684 506894163
755048214 844060316
956512062 823461494
984158358 207125749
938397755 449417821
349335516 110808663
86155802 526018843
248960770 272301154
623440254 993390486
586836145 154844925
488324013 815520938
865571866 777070797
84184430 358136748
644302742 227432673
225439134 247034452
142875340 765268894
871461870 785341654
19533776 526849444
961617243 34124177
264568888 234550850
58030095 574072703
181740066 207752866
620745247 38625216
230383650 410878947
52540198 397483769
542557667 775396208
76709175 283955998
114420047 160579429
587064045 571505690
554370463 720410914
