60
216343655 228623053
171146964 384957404
465541772 657388107
668162709 708484789
532551461 957171801
829650011 657595688
884516036 936053126
771330877 235139189
378742632 646237684
506615200 7343058
128018216 87949540
389120654 826513626
726125043 626657400
99224653 708386516
759304876 391035223
987959300 314247409
199421888 297594314
371402732 342441581
156236382 470921779
937396009 574016916
407258887 590429747
225288885 520609525
728136930 254979445
883195904 530367387
284652072 469305737
842451678 103932330
905549112 636623568
658238085 587276241
337616834 863971080
353236181 538103800
796682600 575951098
707339360 86324289
554861103 215585136
848518755 878141665
871114967 39573597
898501636 333974906
782134426 118917312
329400937 470483231
787586640 384021259
337063531 905993646
811523839 853460417
826609689 268002919
378306748 225850807
881740839 688488767
223468440 609609430
379198777 616470055
6937807 184919370
922900660 801348306
549703903 872225908
244486302 198429251
836982613 546525793
405323509 292061535
482767844 408073110
620771514 912519432
476085168 22040931
545712776 141495031
182496487 854845473
420724356 830409687
773437552 224148235
782827608 629971131
